% Matrix A
A = [2.31823994e-01, -9.74590799e-02, -4.56131352e-04,  3.88318835e+00;
     -0.00000000e+00, -0.00000000e+00, -3.85703036e+00, -0.00000000e+00;
      2.19172552e+04, -0.00000000e+00,  1.98995680e+04, -4.51139078e+04;
     -1.87036564e+04,  4.75792683e+01,  1.12403837e+03,  1.80038056e+04];

% Matrix B
B = [-0.00000000e+00, -2.00369493e-05;
      -0.00000000e+00, -0.00000000e+00;
       7.79047545e+03,  3.19338669e+01;
      -0.00000000e+00,  8.71041312e+01];

% Matrix C
C = [1.00000000, 0.00000000, 0.00000000, 0.00000000;
      0.00000000, 1.00000000, 0.00000000, 0.00000000;
      0.00000000, 0.00000000, 1.92851518, 0.00000000;
      0.00000000, 0.00000000, 0.00000000, 1.92851518];

% Matrix D
D = [0.00000000, 0.00000000;
      0.00000000, 0.00000000;
      0.00000000, 0.00000000;
      0.00000000, 0.00000000];
